leftConfInterval = 4.136427
 
rightConfInterval = 4.606080
 
leftLim = 2.777138
 
rightLim = 4.005445
 
